3,2
3,1
3,3
10,197
10,275
10,308
10,9
10,267
10,192
10,172
10,1
10,142
10,2
10,3
11,27
11,26
11,30
11,24
11,13
11,15
11,1
11,11
11,2
11,3
9,7
9,6
9,1
9,4
9,2
9,3
8,18
8,7
8,8
8,17
8,10
8,13
8,1
8,14
8,2
8,3
12,2
12,1
12,3
20,2
20,1
20,3
19,2
19,1
19,3
18,1
18,3
14,1
14,3
13,1
13,3
632,6
632,5
632,4
632,3
632,2
632,1
632,0
630,5
630,4
630,3
630,2
2,2
630,1
2,1
630,0
627,3
627,2
627,1
2,3
627,0
608,3
608,2
608,1
608,0
0,0
634,34
634,33
634,32
634,31
634,30
634,29
634,28
634,27
634,26
634,25
634,24
634,23
634,22
634,21
634,20
634,19
634,18
634,17
634,16
634,15
634,14
634,13
